(kicad_pcb (version 20171130) (host pcbnew "(5.0.0)")

  (general
    (thickness 1.6)
    (drawings 65)
    (tracks 319)
    (zones 0)
    (modules 41)
    (nets 65)
  )

  (page A4)
  (layers
    (0 F.Cu signal)
    (31 B.Cu signal)
    (32 B.Adhes user)
    (33 F.Adhes user)
    (34 B.Paste user)
    (35 F.Paste user)
    (36 B.SilkS user)
    (37 F.SilkS user)
    (38 B.Mask user)
    (39 F.Mask user)
    (40 Dwgs.User user)
    (41 Cmts.User user)
    (42 Eco1.User user)
    (43 Eco2.User user)
    (44 Edge.Cuts user)
    (45 Margin user)
    (46 B.CrtYd user)
    (47 F.CrtYd user)
    (48 B.Fab user)
    (49 F.Fab user hide)
  )

  (setup
    (last_trace_width 0.762)
    (user_trace_width 0.381)
    (user_trace_width 0.508)
    (user_trace_width 0.762)
    (trace_clearance 0.2)
    (zone_clearance 0.508)
    (zone_45_only no)
    (trace_min 0.2)
    (segment_width 0.2)
    (edge_width 0.15)
    (via_size 0.8)
    (via_drill 0.4)
    (via_min_size 0.4)
    (via_min_drill 0.3)
    (uvia_size 0.3)
    (uvia_drill 0.1)
    (uvias_allowed no)
    (uvia_min_size 0.2)
    (uvia_min_drill 0.1)
    (pcb_text_width 0.3)
    (pcb_text_size 1.5 1.5)
    (mod_edge_width 0.15)
    (mod_text_size 1 1)
    (mod_text_width 0.15)
    (pad_size 2.54 6.35)
    (pad_drill 0)
    (pad_to_mask_clearance 0.2)
    (aux_axis_origin 0 0)
    (visible_elements 7FFFFFFF)
    (pcbplotparams
      (layerselection 0x010fc_ffffffff)
      (usegerberextensions false)
      (usegerberattributes false)
      (usegerberadvancedattributes false)
      (creategerberjobfile false)
      (excludeedgelayer true)
      (linewidth 0.100000)
      (plotframeref false)
      (viasonmask false)
      (mode 1)
      (useauxorigin false)
      (hpglpennumber 1)
      (hpglpenspeed 20)
      (hpglpendiameter 15.000000)
      (psnegative false)
      (psa4output false)
      (plotreference true)
      (plotvalue true)
      (plotinvisibletext false)
      (padsonsilk false)
      (subtractmaskfromsilk false)
      (outputformat 1)
      (mirror false)
      (drillshape 1)
      (scaleselection 1)
      (outputdirectory ""))
  )

  (net 0 "")
  (net 1 GND)
  (net 2 VBACKUP)
  (net 3 INT2AG)
  (net 4 INT1AG)
  (net 5 INTM)
  (net 6 DRDYM)
  (net 7 +3V3)
  (net 8 "Net-(D1-Pad2)")
  (net 9 "Net-(D2-Pad2)")
  (net 10 "Net-(R1-Pad1)")
  (net 11 "Net-(U1-PadPE4)")
  (net 12 "Net-(U1-PadPE5)")
  (net 13 "Net-(U1-PadPD3)")
  (net 14 "SCL(0)")
  (net 15 "SDA(0)")
  (net 16 "Net-(U1-PadPE3)")
  (net 17 "Net-(U1-PadPD7)")
  (net 18 "Net-(U1-PadPA6)")
  (net 19 "Net-(U1-PadPM4)")
  (net 20 "Net-(U1-PadPM5)")
  (net 21 "Net-(U1-PadPM3)")
  (net 22 "Net-(U1-PadPH2)")
  (net 23 "Net-(U1-PadPH3)")
  (net 24 "Net-(U1-PadRese)")
  (net 25 "Net-(U1-PadPD1)")
  (net 26 "Net-(U1-PadPD0)")
  (net 27 "Net-(U1-PadPN2)")
  (net 28 "Net-(U1-PadPN3)")
  (net 29 "Net-(U1-PadPP2)")
  (net 30 "Net-(U5-Pad2)")
  (net 31 "Net-(U5-Pad6)")
  (net 32 "Net-(U5-Pad7)")
  (net 33 "Net-(U5-Pad14)")
  (net 34 "Net-(U5-Pad15)")
  (net 35 "Net-(U5-Pad16)")
  (net 36 "Net-(U5-Pad17)")
  (net 37 "Net-(U5-Pad18)")
  (net 38 "Net-(U5-Pad20)")
  (net 39 +5V)
  (net 40 LIDAR_SCL)
  (net 41 LIDAR_SDA)
  (net 42 "Net-(C3-Pad2)")
  (net 43 "Net-(D5-Pad2)")
  (net 44 "Net-(D6-Pad2)")
  (net 45 "Net-(D7-Pad2)")
  (net 46 "Net-(D8-Pad2)")
  (net 47 "Net-(D9-Pad2)")
  (net 48 "Net-(D10-Pad2)")
  (net 49 /EXAnt)
  (net 50 "TivaRX(7)")
  (net 51 "TivaTX(7)")
  (net 52 "Net-(U1-PadPC7)")
  (net 53 "Net-(U5-Pad13)")
  (net 54 Error_LED)
  (net 55 "Net-(D11-Pad2)")
  (net 56 "Net-(D12-Pad2)")
  (net 57 SW_Flg1)
  (net 58 SW_Flg2)
  (net 59 "Net-(U1-PadPC6)")
  (net 60 "Net-(U1-PadPL5)")
  (net 61 "Net-(U1-PadPL4)")
  (net 62 "Net-(U1-PadPG0)")
  (net 63 "Net-(U1-PadPF3)")
  (net 64 "Net-(C10-Pad1)")

  (net_class Default "This is the default net class."
    (clearance 0.2)
    (trace_width 0.25)
    (via_dia 0.8)
    (via_drill 0.4)
    (uvia_dia 0.3)
    (uvia_drill 0.1)
    (add_net +3V3)
    (add_net +5V)
    (add_net /EXAnt)
    (add_net DRDYM)
    (add_net Error_LED)
    (add_net GND)
    (add_net INT1AG)
    (add_net INT2AG)
    (add_net INTM)
    (add_net LIDAR_SCL)
    (add_net LIDAR_SDA)
    (add_net "Net-(C10-Pad1)")
    (add_net "Net-(C3-Pad2)")
    (add_net "Net-(D1-Pad2)")
    (add_net "Net-(D10-Pad2)")
    (add_net "Net-(D11-Pad2)")
    (add_net "Net-(D12-Pad2)")
    (add_net "Net-(D2-Pad2)")
    (add_net "Net-(D5-Pad2)")
    (add_net "Net-(D6-Pad2)")
    (add_net "Net-(D7-Pad2)")
    (add_net "Net-(D8-Pad2)")
    (add_net "Net-(D9-Pad2)")
    (add_net "Net-(R1-Pad1)")
    (add_net "Net-(U1-PadPA6)")
    (add_net "Net-(U1-PadPC6)")
    (add_net "Net-(U1-PadPC7)")
    (add_net "Net-(U1-PadPD0)")
    (add_net "Net-(U1-PadPD1)")
    (add_net "Net-(U1-PadPD3)")
    (add_net "Net-(U1-PadPD7)")
    (add_net "Net-(U1-PadPE3)")
    (add_net "Net-(U1-PadPE4)")
    (add_net "Net-(U1-PadPE5)")
    (add_net "Net-(U1-PadPF3)")
    (add_net "Net-(U1-PadPG0)")
    (add_net "Net-(U1-PadPH2)")
    (add_net "Net-(U1-PadPH3)")
    (add_net "Net-(U1-PadPL4)")
    (add_net "Net-(U1-PadPL5)")
    (add_net "Net-(U1-PadPM3)")
    (add_net "Net-(U1-PadPM4)")
    (add_net "Net-(U1-PadPM5)")
    (add_net "Net-(U1-PadPN2)")
    (add_net "Net-(U1-PadPN3)")
    (add_net "Net-(U1-PadPP2)")
    (add_net "Net-(U1-PadRese)")
    (add_net "Net-(U5-Pad13)")
    (add_net "Net-(U5-Pad14)")
    (add_net "Net-(U5-Pad15)")
    (add_net "Net-(U5-Pad16)")
    (add_net "Net-(U5-Pad17)")
    (add_net "Net-(U5-Pad18)")
    (add_net "Net-(U5-Pad2)")
    (add_net "Net-(U5-Pad20)")
    (add_net "Net-(U5-Pad6)")
    (add_net "Net-(U5-Pad7)")
    (add_net "SCL(0)")
    (add_net "SDA(0)")
    (add_net SW_Flg1)
    (add_net SW_Flg2)
    (add_net "TivaRX(7)")
    (add_net "TivaTX(7)")
    (add_net VBACKUP)
  )

  (module Capacitor_SMD:C_0603_1608Metric_Pad1.05x0.95mm_HandSolder (layer F.Cu) (tedit 5C142FE0) (tstamp 5C25E7E6)
    (at 149.606 106.934 180)
    (descr "Capacitor SMD 0603 (1608 Metric), square (rectangular) end terminal, IPC_7351 nominal with elongated pad for handsoldering. (Body size source: http://www.tortai-tech.com/upload/download/2011102023233369053.pdf), generated with kicad-footprint-generator")
    (tags "capacitor handsolder")
    (path /5C0FFA1D)
    (attr smd)
    (fp_text reference C10 (at -0.014 -1.397 180) (layer F.SilkS)
      (effects (font (size 1 1) (thickness 0.15)))
    )
    (fp_text value 10u (at 0 1.43 180) (layer F.Fab)
      (effects (font (size 1 1) (thickness 0.15)))
    )
    (fp_text user %R (at -0.113 0 180) (layer F.Fab)
      (effects (font (size 0.4 0.4) (thickness 0.06)))
    )
    (fp_line (start 1.65 0.73) (end -1.65 0.73) (layer F.CrtYd) (width 0.05))
    (fp_line (start 1.65 -0.73) (end 1.65 0.73) (layer F.CrtYd) (width 0.05))
    (fp_line (start -1.65 -0.73) (end 1.65 -0.73) (layer F.CrtYd) (width 0.05))
    (fp_line (start -1.65 0.73) (end -1.65 -0.73) (layer F.CrtYd) (width 0.05))
    (fp_line (start -0.171267 0.51) (end 0.171267 0.51) (layer F.SilkS) (width 0.12))
    (fp_line (start -0.171267 -0.51) (end 0.171267 -0.51) (layer F.SilkS) (width 0.12))
    (fp_line (start 0.8 0.4) (end -0.8 0.4) (layer F.Fab) (width 0.1))
    (fp_line (start 0.8 -0.4) (end 0.8 0.4) (layer F.Fab) (width 0.1))
    (fp_line (start -0.8 -0.4) (end 0.8 -0.4) (layer F.Fab) (width 0.1))
    (fp_line (start -0.8 0.4) (end -0.8 -0.4) (layer F.Fab) (width 0.1))
    (pad 2 smd roundrect (at 0.875 0 180) (size 1.05 0.95) (layers F.Cu F.Paste F.Mask) (roundrect_rratio 0.25)
      (net 1 GND))
    (pad 1 smd roundrect (at -0.875 0 180) (size 1.05 0.95) (layers F.Cu F.Paste F.Mask) (roundrect_rratio 0.25)
      (net 64 "Net-(C10-Pad1)"))
    (model ${KISYS3DMOD}/Capacitor_SMD.3dshapes/C_0603_1608Metric.wrl
      (at (xyz 0 0 0))
      (scale (xyz 1 1 1))
      (rotate (xyz 0 0 0))
    )
  )

  (module MRDT_Connectors:Anderson_2_Horisontal_Side_by_Side (layer F.Cu) (tedit 5AAD70FE) (tstamp 5C25E815)
    (at 151.638 108.966 180)
    (path /5BC4B8F6)
    (fp_text reference Conn1 (at -1.8796 0.762 180) (layer F.SilkS) hide
      (effects (font (size 1 1) (thickness 0.15)))
    )
    (fp_text value AndersonPP (at -12.8651 -16.764 180) (layer F.Fab)
      (effects (font (size 1 1) (thickness 0.15)))
    )
    (fp_arc (start -14.5796 0) (end -14.5796 -1.1176) (angle 90) (layer F.SilkS) (width 0.15))
    (fp_arc (start -14.5796 0) (end -15.6972 0) (angle 90) (layer F.SilkS) (width 0.15))
    (fp_line (start -24.638 -15.748) (end -24.638 0) (layer F.SilkS) (width 0.15))
    (fp_line (start 0 -15.748) (end 0 0) (layer F.SilkS) (width 0.15))
    (fp_line (start -15.7226 -15.748) (end -16.9418 -15.748) (layer F.SilkS) (width 0.15))
    (fp_arc (start -14.5796 -15.748) (end -13.4366 -15.748) (angle 90) (layer F.SilkS) (width 0.15))
    (fp_arc (start -14.5796 -15.748) (end -14.5796 -14.605) (angle 90) (layer F.SilkS) (width 0.15))
    (fp_line (start -12.2682 0) (end -13.462 0) (layer F.SilkS) (width 0.15))
    (fp_line (start -14.5796 -2.3114) (end -14.5796 -1.143) (layer F.SilkS) (width 0.15))
    (fp_line (start -16.891 0) (end -15.7226 0) (layer F.SilkS) (width 0.15))
    (fp_line (start -12.319 -15.748) (end -13.4112 -15.748) (layer F.SilkS) (width 0.15))
    (fp_line (start -14.5796 -14.605) (end -14.5796 -13.4366) (layer F.SilkS) (width 0.15))
    (fp_line (start -14.5796 -5.588) (end -14.5796 -6.731) (layer F.SilkS) (width 0.15))
    (fp_line (start -24.6126 -7.8994) (end -15.7226 -7.8994) (layer F.SilkS) (width 0.15))
    (fp_line (start -14.5796 -10.16) (end -14.5796 -9.017) (layer F.SilkS) (width 0.15))
    (fp_line (start -12.2936 -7.874) (end -13.4366 -7.874) (layer F.SilkS) (width 0.15))
    (fp_line (start -14.5796 -5.588) (end -14.5796 -2.286) (layer F.SilkS) (width 0.15))
    (fp_line (start -12.2936 -7.874) (end 0 -7.874) (layer F.SilkS) (width 0.15))
    (fp_line (start -14.5796 -10.16) (end -14.5796 -13.4366) (layer F.SilkS) (width 0.15))
    (fp_circle (center -14.5796 -7.874) (end -14.5796 -6.731) (layer F.SilkS) (width 0.15))
    (fp_line (start -12.2936 0) (end 0 0) (layer F.SilkS) (width 0.15))
    (fp_line (start -16.8656 0) (end -24.6126 0) (layer F.SilkS) (width 0.15))
    (fp_line (start -24.6126 -15.748) (end -16.8656 -15.748) (layer F.SilkS) (width 0.15))
    (fp_line (start -12.2936 -15.748) (end 0 -15.748) (layer F.SilkS) (width 0.15))
    (pad 1 thru_hole circle (at 3.5814 -4.063 180) (size 5.08 5.08) (drill 4.06) (layers *.Cu *.Mask F.Paste)
      (net 1 GND))
    (pad 2 thru_hole circle (at 3.5814 -12.064 180) (size 5.08 5.08) (drill 4.06) (layers *.Cu *.Mask F.Paste)
      (net 64 "Net-(C10-Pad1)"))
  )

  (module Resistor_SMD:R_0603_1608Metric_Pad1.05x0.95mm_HandSolder (layer F.Cu) (tedit 5B301BBD) (tstamp 5C1449EA)
    (at 124.7 73.025 180)
    (descr "Resistor SMD 0603 (1608 Metric), square (rectangular) end terminal, IPC_7351 nominal with elongated pad for handsoldering. (Body size source: http://www.tortai-tech.com/upload/download/2011102023233369053.pdf), generated with kicad-footprint-generator")
    (tags "resistor handsolder")
    (path /5C794E9C)
    (attr smd)
    (fp_text reference R8 (at -0.014 1.397 180) (layer F.SilkS)
      (effects (font (size 1 1) (thickness 0.15)))
    )
    (fp_text value 500 (at 0 1.43 180) (layer F.Fab)
      (effects (font (size 1 1) (thickness 0.15)))
    )
    (fp_text user %R (at 0 0 180) (layer F.Fab)
      (effects (font (size 0.4 0.4) (thickness 0.06)))
    )
    (fp_line (start 1.65 0.73) (end -1.65 0.73) (layer F.CrtYd) (width 0.05))
    (fp_line (start 1.65 -0.73) (end 1.65 0.73) (layer F.CrtYd) (width 0.05))
    (fp_line (start -1.65 -0.73) (end 1.65 -0.73) (layer F.CrtYd) (width 0.05))
    (fp_line (start -1.65 0.73) (end -1.65 -0.73) (layer F.CrtYd) (width 0.05))
    (fp_line (start -0.171267 0.51) (end 0.171267 0.51) (layer F.SilkS) (width 0.12))
    (fp_line (start -0.171267 -0.51) (end 0.171267 -0.51) (layer F.SilkS) (width 0.12))
    (fp_line (start 0.8 0.4) (end -0.8 0.4) (layer F.Fab) (width 0.1))
    (fp_line (start 0.8 -0.4) (end 0.8 0.4) (layer F.Fab) (width 0.1))
    (fp_line (start -0.8 -0.4) (end 0.8 -0.4) (layer F.Fab) (width 0.1))
    (fp_line (start -0.8 0.4) (end -0.8 -0.4) (layer F.Fab) (width 0.1))
    (pad 2 smd roundrect (at 0.875 0 180) (size 1.05 0.95) (layers F.Cu F.Paste F.Mask) (roundrect_rratio 0.25)
      (net 46 "Net-(D8-Pad2)"))
    (pad 1 smd roundrect (at -0.875 0 180) (size 1.05 0.95) (layers F.Cu F.Paste F.Mask) (roundrect_rratio 0.25)
      (net 15 "SDA(0)"))
    (model ${KISYS3DMOD}/Resistor_SMD.3dshapes/R_0603_1608Metric.wrl
      (at (xyz 0 0 0))
      (scale (xyz 1 1 1))
      (rotate (xyz 0 0 0))
    )
  )

  (module LED_SMD:LED_0603_1608Metric_Pad1.05x0.95mm_HandSolder (layer F.Cu) (tedit 5B4B45C9) (tstamp 5C144A1C)
    (at 121.253237 73.032189)
    (descr "LED SMD 0603 (1608 Metric), square (rectangular) end terminal, IPC_7351 nominal, (Body size source: http://www.tortai-tech.com/upload/download/2011102023233369053.pdf), generated with kicad-footprint-generator")
    (tags "LED handsolder")
    (path /5C794EAB)
    (zone_connect 2)
    (attr smd)
    (fp_text reference D8 (at 0.158763 -1.404189) (layer F.SilkS)
      (effects (font (size 1 1) (thickness 0.15)))
    )
    (fp_text value PWR (at 0 1.43) (layer F.Fab)
      (effects (font (size 1 1) (thickness 0.15)))
    )
    (fp_line (start 0.8 -0.4) (end -0.5 -0.4) (layer F.Fab) (width 0.1))
    (fp_line (start -0.5 -0.4) (end -0.8 -0.1) (layer F.Fab) (width 0.1))
    (fp_line (start -0.8 -0.1) (end -0.8 0.4) (layer F.Fab) (width 0.1))
    (fp_line (start -0.8 0.4) (end 0.8 0.4) (layer F.Fab) (width 0.1))
    (fp_line (start 0.8 0.4) (end 0.8 -0.4) (layer F.Fab) (width 0.1))
    (fp_line (start 0.8 -0.735) (end -1.66 -0.735) (layer F.SilkS) (width 0.12))
    (fp_line (start -1.66 -0.735) (end -1.66 0.735) (layer F.SilkS) (width 0.12))
    (fp_line (start -1.66 0.735) (end 0.8 0.735) (layer F.SilkS) (width 0.12))
    (fp_line (start -1.65 0.73) (end -1.65 -0.73) (layer F.CrtYd) (width 0.05))
    (fp_line (start -1.65 -0.73) (end 1.65 -0.73) (layer F.CrtYd) (width 0.05))
    (fp_line (start 1.65 -0.73) (end 1.65 0.73) (layer F.CrtYd) (width 0.05))
    (fp_line (start 1.65 0.73) (end -1.65 0.73) (layer F.CrtYd) (width 0.05))
    (fp_text user %R (at 0 0) (layer F.Fab)
      (effects (font (size 0.4 0.4) (thickness 0.06)))
    )
    (pad 1 smd roundrect (at -0.875 0) (size 1.05 0.95) (layers F.Cu F.Paste F.Mask) (roundrect_rratio 0.25)
      (net 1 GND) (zone_connect 2))
    (pad 2 smd roundrect (at 0.875 0) (size 1.05 0.95) (layers F.Cu F.Paste F.Mask) (roundrect_rratio 0.25)
      (net 46 "Net-(D8-Pad2)") (zone_connect 2))
    (model ${KISYS3DMOD}/LED_SMD.3dshapes/LED_0603_1608Metric.wrl
      (at (xyz 0 0 0))
      (scale (xyz 1 1 1))
      (rotate (xyz 0 0 0))
    )
  )

  (module Capacitor_SMD:C_0603_1608Metric_Pad1.05x0.95mm_HandSolder (layer F.Cu) (tedit 5B301BBE) (tstamp 5C25E780)
    (at 144.526 73.406)
    (descr "Capacitor SMD 0603 (1608 Metric), square (rectangular) end terminal, IPC_7351 nominal with elongated pad for handsoldering. (Body size source: http://www.tortai-tech.com/upload/download/2011102023233369053.pdf), generated with kicad-footprint-generator")
    (tags "capacitor handsolder")
    (path /5BC5042C)
    (attr smd)
    (fp_text reference C3 (at -2.921 0) (layer F.SilkS)
      (effects (font (size 1 1) (thickness 0.15)))
    )
    (fp_text value 1uF (at 0 1.43) (layer F.Fab)
      (effects (font (size 1 1) (thickness 0.15)))
    )
    (fp_line (start -0.8 0.4) (end -0.8 -0.4) (layer F.Fab) (width 0.1))
    (fp_line (start -0.8 -0.4) (end 0.8 -0.4) (layer F.Fab) (width 0.1))
    (fp_line (start 0.8 -0.4) (end 0.8 0.4) (layer F.Fab) (width 0.1))
    (fp_line (start 0.8 0.4) (end -0.8 0.4) (layer F.Fab) (width 0.1))
    (fp_line (start -0.171267 -0.51) (end 0.171267 -0.51) (layer F.SilkS) (width 0.12))
    (fp_line (start -0.171267 0.51) (end 0.171267 0.51) (layer F.SilkS) (width 0.12))
    (fp_line (start -1.65 0.73) (end -1.65 -0.73) (layer F.CrtYd) (width 0.05))
    (fp_line (start -1.65 -0.73) (end 1.65 -0.73) (layer F.CrtYd) (width 0.05))
    (fp_line (start 1.65 -0.73) (end 1.65 0.73) (layer F.CrtYd) (width 0.05))
    (fp_line (start 1.65 0.73) (end -1.65 0.73) (layer F.CrtYd) (width 0.05))
    (fp_text user %R (at 0 0) (layer F.Fab)
      (effects (font (size 0.4 0.4) (thickness 0.06)))
    )
    (pad 1 smd roundrect (at -0.875 0) (size 1.05 0.95) (layers F.Cu F.Paste F.Mask) (roundrect_rratio 0.25)
      (net 1 GND))
    (pad 2 smd roundrect (at 0.875 0) (size 1.05 0.95) (layers F.Cu F.Paste F.Mask) (roundrect_rratio 0.25)
      (net 42 "Net-(C3-Pad2)"))
    (model ${KISYS3DMOD}/Capacitor_SMD.3dshapes/C_0603_1608Metric.wrl
      (at (xyz 0 0 0))
      (scale (xyz 1 1 1))
      (rotate (xyz 0 0 0))
    )
  )

  (module MRDT_Sensors:FGPMMOPA6H (layer F.Cu) (tedit 5B78A25D) (tstamp 5C21E76F)
    (at 148.209 71.882)
    (path /5BC3F376)
    (fp_text reference U5 (at 16.256 15.494) (layer F.SilkS)
      (effects (font (size 1 1) (thickness 0.15)))
    )
    (fp_text value FGPMMOPA6H (at 8.636 -2.032) (layer F.Fab)
      (effects (font (size 1 1) (thickness 0.15)))
    )
    (fp_line (start 16.002 14.75) (end 16.002 -1.25) (layer F.SilkS) (width 0.15))
    (fp_line (start 0 14.75) (end 16 14.75) (layer F.SilkS) (width 0.15))
    (fp_line (start 0 -1.25) (end 16 -1.25) (layer F.SilkS) (width 0.15))
    (fp_line (start 0 14.75) (end 0 -1.25) (layer F.SilkS) (width 0.15))
    (pad 1 smd rect (at 0 0 90) (size 1 2) (layers F.Cu F.Paste F.Mask)
      (net 42 "Net-(C3-Pad2)"))
    (pad 2 smd rect (at 0 1.5 90) (size 1 2) (layers F.Cu F.Paste F.Mask)
      (net 30 "Net-(U5-Pad2)"))
    (pad 3 smd rect (at 0 3 90) (size 1 2) (layers F.Cu F.Paste F.Mask)
      (net 1 GND))
    (pad 4 smd rect (at 0 4.5 90) (size 1 2) (layers F.Cu F.Paste F.Mask)
      (net 2 VBACKUP))
    (pad 5 smd rect (at 0 6 90) (size 1 2) (layers F.Cu F.Paste F.Mask)
      (net 10 "Net-(R1-Pad1)"))
    (pad 6 smd rect (at 0 7.5 90) (size 1 2) (layers F.Cu F.Paste F.Mask)
      (net 31 "Net-(U5-Pad6)"))
    (pad 7 smd rect (at 0 9 90) (size 1 2) (layers F.Cu F.Paste F.Mask)
      (net 32 "Net-(U5-Pad7)"))
    (pad 8 smd rect (at 0 10.5 90) (size 1 2) (layers F.Cu F.Paste F.Mask)
      (net 1 GND))
    (pad 9 smd rect (at 0 12 90) (size 1 2) (layers F.Cu F.Paste F.Mask)
      (net 51 "TivaTX(7)"))
    (pad 10 smd rect (at 0 13.5 90) (size 1 2) (layers F.Cu F.Paste F.Mask)
      (net 50 "TivaRX(7)"))
    (pad 11 smd rect (at 16.165634 13.729608 270) (size 1 2) (layers F.Cu F.Paste F.Mask)
      (net 49 /EXAnt))
    (pad 12 smd rect (at 16.165634 12.229608 270) (size 1 2) (layers F.Cu F.Paste F.Mask)
      (net 1 GND))
    (pad 13 smd rect (at 16.165634 10.729608 270) (size 1 2) (layers F.Cu F.Paste F.Mask)
      (net 53 "Net-(U5-Pad13)"))
    (pad 14 smd rect (at 16.165634 9.229608 270) (size 1 2) (layers F.Cu F.Paste F.Mask)
      (net 33 "Net-(U5-Pad14)"))
    (pad 15 smd rect (at 16.165634 7.729608 270) (size 1 2) (layers F.Cu F.Paste F.Mask)
      (net 34 "Net-(U5-Pad15)"))
    (pad 16 smd rect (at 16.165634 6.229608 270) (size 1 2) (layers F.Cu F.Paste F.Mask)
      (net 35 "Net-(U5-Pad16)"))
    (pad 17 smd rect (at 16.165634 4.729608 270) (size 1 2) (layers F.Cu F.Paste F.Mask)
      (net 36 "Net-(U5-Pad17)"))
    (pad 18 smd rect (at 16.165634 3.229608 270) (size 1 2) (layers F.Cu F.Paste F.Mask)
      (net 37 "Net-(U5-Pad18)"))
    (pad 19 smd rect (at 16.165634 1.729608 270) (size 1 2) (layers F.Cu F.Paste F.Mask)
      (net 1 GND))
    (pad 20 smd rect (at 16.165634 0.229608 270) (size 1 2) (layers F.Cu F.Paste F.Mask)
      (net 38 "Net-(U5-Pad20)"))
  )

  (module Capacitor_SMD:C_0603_1608Metric_Pad1.05x0.95mm_HandSolder (layer F.Cu) (tedit 5B301BBE) (tstamp 5C25E791)
    (at 144.526 74.93)
    (descr "Capacitor SMD 0603 (1608 Metric), square (rectangular) end terminal, IPC_7351 nominal with elongated pad for handsoldering. (Body size source: http://www.tortai-tech.com/upload/download/2011102023233369053.pdf), generated with kicad-footprint-generator")
    (tags "capacitor handsolder")
    (path /5BC503AA)
    (attr smd)
    (fp_text reference C4 (at -2.667 0) (layer F.SilkS)
      (effects (font (size 1 1) (thickness 0.15)))
    )
    (fp_text value 0.01uF (at 0 1.43) (layer F.Fab)
      (effects (font (size 1 1) (thickness 0.15)))
    )
    (fp_text user %R (at 0 0) (layer F.Fab)
      (effects (font (size 0.4 0.4) (thickness 0.06)))
    )
    (fp_line (start 1.65 0.73) (end -1.65 0.73) (layer F.CrtYd) (width 0.05))
    (fp_line (start 1.65 -0.73) (end 1.65 0.73) (layer F.CrtYd) (width 0.05))
    (fp_line (start -1.65 -0.73) (end 1.65 -0.73) (layer F.CrtYd) (width 0.05))
    (fp_line (start -1.65 0.73) (end -1.65 -0.73) (layer F.CrtYd) (width 0.05))
    (fp_line (start -0.171267 0.51) (end 0.171267 0.51) (layer F.SilkS) (width 0.12))
    (fp_line (start -0.171267 -0.51) (end 0.171267 -0.51) (layer F.SilkS) (width 0.12))
    (fp_line (start 0.8 0.4) (end -0.8 0.4) (layer F.Fab) (width 0.1))
    (fp_line (start 0.8 -0.4) (end 0.8 0.4) (layer F.Fab) (width 0.1))
    (fp_line (start -0.8 -0.4) (end 0.8 -0.4) (layer F.Fab) (width 0.1))
    (fp_line (start -0.8 0.4) (end -0.8 -0.4) (layer F.Fab) (width 0.1))
    (pad 2 smd roundrect (at 0.875 0) (size 1.05 0.95) (layers F.Cu F.Paste F.Mask) (roundrect_rratio 0.25)
      (net 42 "Net-(C3-Pad2)"))
    (pad 1 smd roundrect (at -0.875 0) (size 1.05 0.95) (layers F.Cu F.Paste F.Mask) (roundrect_rratio 0.25)
      (net 1 GND))
    (model ${KISYS3DMOD}/Capacitor_SMD.3dshapes/C_0603_1608Metric.wrl
      (at (xyz 0 0 0))
      (scale (xyz 1 1 1))
      (rotate (xyz 0 0 0))
    )
  )

  (module Capacitor_SMD:C_0603_1608Metric_Pad1.05x0.95mm_HandSolder (layer F.Cu) (tedit 5B301BBE) (tstamp 5C25E7A2)
    (at 144.272 77.724 180)
    (descr "Capacitor SMD 0603 (1608 Metric), square (rectangular) end terminal, IPC_7351 nominal with elongated pad for handsoldering. (Body size source: http://www.tortai-tech.com/upload/download/2011102023233369053.pdf), generated with kicad-footprint-generator")
    (tags "capacitor handsolder")
    (path /5BC5C880)
    (attr smd)
    (fp_text reference C5 (at 0 1.397 180) (layer F.SilkS)
      (effects (font (size 1 1) (thickness 0.15)))
    )
    (fp_text value 1uF (at 0 1.43 180) (layer F.Fab)
      (effects (font (size 1 1) (thickness 0.15)))
    )
    (fp_text user %R (at 0 0 180) (layer F.Fab)
      (effects (font (size 0.4 0.4) (thickness 0.06)))
    )
    (fp_line (start 1.65 0.73) (end -1.65 0.73) (layer F.CrtYd) (width 0.05))
    (fp_line (start 1.65 -0.73) (end 1.65 0.73) (layer F.CrtYd) (width 0.05))
    (fp_line (start -1.65 -0.73) (end 1.65 -0.73) (layer F.CrtYd) (width 0.05))
    (fp_line (start -1.65 0.73) (end -1.65 -0.73) (layer F.CrtYd) (width 0.05))
    (fp_line (start -0.171267 0.51) (end 0.171267 0.51) (layer F.SilkS) (width 0.12))
    (fp_line (start -0.171267 -0.51) (end 0.171267 -0.51) (layer F.SilkS) (width 0.12))
    (fp_line (start 0.8 0.4) (end -0.8 0.4) (layer F.Fab) (width 0.1))
    (fp_line (start 0.8 -0.4) (end 0.8 0.4) (layer F.Fab) (width 0.1))
    (fp_line (start -0.8 -0.4) (end 0.8 -0.4) (layer F.Fab) (width 0.1))
    (fp_line (start -0.8 0.4) (end -0.8 -0.4) (layer F.Fab) (width 0.1))
    (pad 2 smd roundrect (at 0.875 0 180) (size 1.05 0.95) (layers F.Cu F.Paste F.Mask) (roundrect_rratio 0.25)
      (net 1 GND))
    (pad 1 smd roundrect (at -0.875 0 180) (size 1.05 0.95) (layers F.Cu F.Paste F.Mask) (roundrect_rratio 0.25)
      (net 2 VBACKUP))
    (model ${KISYS3DMOD}/Capacitor_SMD.3dshapes/C_0603_1608Metric.wrl
      (at (xyz 0 0 0))
      (scale (xyz 1 1 1))
      (rotate (xyz 0 0 0))
    )
  )

  (module Capacitor_SMD:C_0603_1608Metric_Pad1.05x0.95mm_HandSolder (layer F.Cu) (tedit 5B301BBE) (tstamp 5C25E7B3)
    (at 169.037 83.312 180)
    (descr "Capacitor SMD 0603 (1608 Metric), square (rectangular) end terminal, IPC_7351 nominal with elongated pad for handsoldering. (Body size source: http://www.tortai-tech.com/upload/download/2011102023233369053.pdf), generated with kicad-footprint-generator")
    (tags "capacitor handsolder")
    (path /5BD0BD22)
    (attr smd)
    (fp_text reference C7 (at -2.921 -0.127 180) (layer F.SilkS)
      (effects (font (size 1 1) (thickness 0.15)))
    )
    (fp_text value 680uF (at 0 1.43 180) (layer F.Fab)
      (effects (font (size 1 1) (thickness 0.15)))
    )
    (fp_line (start -0.8 0.4) (end -0.8 -0.4) (layer F.Fab) (width 0.1))
    (fp_line (start -0.8 -0.4) (end 0.8 -0.4) (layer F.Fab) (width 0.1))
    (fp_line (start 0.8 -0.4) (end 0.8 0.4) (layer F.Fab) (width 0.1))
    (fp_line (start 0.8 0.4) (end -0.8 0.4) (layer F.Fab) (width 0.1))
    (fp_line (start -0.171267 -0.51) (end 0.171267 -0.51) (layer F.SilkS) (width 0.12))
    (fp_line (start -0.171267 0.51) (end 0.171267 0.51) (layer F.SilkS) (width 0.12))
    (fp_line (start -1.65 0.73) (end -1.65 -0.73) (layer F.CrtYd) (width 0.05))
    (fp_line (start -1.65 -0.73) (end 1.65 -0.73) (layer F.CrtYd) (width 0.05))
    (fp_line (start 1.65 -0.73) (end 1.65 0.73) (layer F.CrtYd) (width 0.05))
    (fp_line (start 1.65 0.73) (end -1.65 0.73) (layer F.CrtYd) (width 0.05))
    (fp_text user %R (at 0 0 180) (layer F.Fab)
      (effects (font (size 0.4 0.4) (thickness 0.06)))
    )
    (pad 1 smd roundrect (at -0.875 0 180) (size 1.05 0.95) (layers F.Cu F.Paste F.Mask) (roundrect_rratio 0.25)
      (net 1 GND))
    (pad 2 smd roundrect (at 0.875 0 180) (size 1.05 0.95) (layers F.Cu F.Paste F.Mask) (roundrect_rratio 0.25)
      (net 39 +5V))
    (model ${KISYS3DMOD}/Capacitor_SMD.3dshapes/C_0603_1608Metric.wrl
      (at (xyz 0 0 0))
      (scale (xyz 1 1 1))
      (rotate (xyz 0 0 0))
    )
  )

  (module Capacitor_SMD:C_0603_1608Metric_Pad1.05x0.95mm_HandSolder (layer F.Cu) (tedit 5B301BBE) (tstamp 5C25E7C4)
    (at 156.895517 94.375 90)
    (descr "Capacitor SMD 0603 (1608 Metric), square (rectangular) end terminal, IPC_7351 nominal with elongated pad for handsoldering. (Body size source: http://www.tortai-tech.com/upload/download/2011102023233369053.pdf), generated with kicad-footprint-generator")
    (tags "capacitor handsolder")
    (path /5C0FF97E)
    (attr smd)
    (fp_text reference C8 (at -0.014 -1.397 90) (layer F.SilkS)
      (effects (font (size 1 1) (thickness 0.15)))
    )
    (fp_text value 10u (at 0 1.43 90) (layer F.Fab)
      (effects (font (size 1 1) (thickness 0.15)))
    )
    (fp_line (start -0.8 0.4) (end -0.8 -0.4) (layer F.Fab) (width 0.1))
    (fp_line (start -0.8 -0.4) (end 0.8 -0.4) (layer F.Fab) (width 0.1))
    (fp_line (start 0.8 -0.4) (end 0.8 0.4) (layer F.Fab) (width 0.1))
    (fp_line (start 0.8 0.4) (end -0.8 0.4) (layer F.Fab) (width 0.1))
    (fp_line (start -0.171267 -0.51) (end 0.171267 -0.51) (layer F.SilkS) (width 0.12))
    (fp_line (start -0.171267 0.51) (end 0.171267 0.51) (layer F.SilkS) (width 0.12))
    (fp_line (start -1.65 0.73) (end -1.65 -0.73) (layer F.CrtYd) (width 0.05))
    (fp_line (start -1.65 -0.73) (end 1.65 -0.73) (layer F.CrtYd) (width 0.05))
    (fp_line (start 1.65 -0.73) (end 1.65 0.73) (layer F.CrtYd) (width 0.05))
    (fp_line (start 1.65 0.73) (end -1.65 0.73) (layer F.CrtYd) (width 0.05))
    (fp_text user %R (at 0 0 90) (layer F.Fab)
      (effects (font (size 0.4 0.4) (thickness 0.06)))
    )
    (pad 1 smd roundrect (at -0.875 0 90) (size 1.05 0.95) (layers F.Cu F.Paste F.Mask) (roundrect_rratio 0.25)
      (net 64 "Net-(C10-Pad1)"))
    (pad 2 smd roundrect (at 0.875 0 90) (size 1.05 0.95) (layers F.Cu F.Paste F.Mask) (roundrect_rratio 0.25)
      (net 1 GND))
    (model ${KISYS3DMOD}/Capacitor_SMD.3dshapes/C_0603_1608Metric.wrl
      (at (xyz 0 0 0))
      (scale (xyz 1 1 1))
      (rotate (xyz 0 0 0))
    )
  )

  (module Capacitor_SMD:C_0603_1608Metric_Pad1.05x0.95mm_HandSolder (layer F.Cu) (tedit 5B301BBE) (tstamp 5C14DCA8)
    (at 146.177 106.934)
    (descr "Capacitor SMD 0603 (1608 Metric), square (rectangular) end terminal, IPC_7351 nominal with elongated pad for handsoldering. (Body size source: http://www.tortai-tech.com/upload/download/2011102023233369053.pdf), generated with kicad-footprint-generator")
    (tags "capacitor handsolder")
    (path /5C307894)
    (attr smd)
    (fp_text reference C9 (at 0.014 1.397) (layer F.SilkS)
      (effects (font (size 1 1) (thickness 0.15)))
    )
    (fp_text value 10u (at 0 1.43) (layer F.Fab)
      (effects (font (size 1 1) (thickness 0.15)))
    )
    (fp_line (start -0.8 0.4) (end -0.8 -0.4) (layer F.Fab) (width 0.1))
    (fp_line (start -0.8 -0.4) (end 0.8 -0.4) (layer F.Fab) (width 0.1))
    (fp_line (start 0.8 -0.4) (end 0.8 0.4) (layer F.Fab) (width 0.1))
    (fp_line (start 0.8 0.4) (end -0.8 0.4) (layer F.Fab) (width 0.1))
    (fp_line (start -0.171267 -0.51) (end 0.171267 -0.51) (layer F.SilkS) (width 0.12))
    (fp_line (start -0.171267 0.51) (end 0.171267 0.51) (layer F.SilkS) (width 0.12))
    (fp_line (start -1.65 0.73) (end -1.65 -0.73) (layer F.CrtYd) (width 0.05))
    (fp_line (start -1.65 -0.73) (end 1.65 -0.73) (layer F.CrtYd) (width 0.05))
    (fp_line (start 1.65 -0.73) (end 1.65 0.73) (layer F.CrtYd) (width 0.05))
    (fp_line (start 1.65 0.73) (end -1.65 0.73) (layer F.CrtYd) (width 0.05))
    (fp_text user %R (at 0 0) (layer F.Fab)
      (effects (font (size 0.4 0.4) (thickness 0.06)))
    )
    (pad 1 smd roundrect (at -0.875 0) (size 1.05 0.95) (layers F.Cu F.Paste F.Mask) (roundrect_rratio 0.25)
      (net 39 +5V))
    (pad 2 smd roundrect (at 0.875 0) (size 1.05 0.95) (layers F.Cu F.Paste F.Mask) (roundrect_rratio 0.25)
      (net 1 GND))
    (model ${KISYS3DMOD}/Capacitor_SMD.3dshapes/C_0603_1608Metric.wrl
      (at (xyz 0 0 0))
      (scale (xyz 1 1 1))
      (rotate (xyz 0 0 0))
    )
  )

  (module Capacitor_SMD:C_0603_1608Metric_Pad1.05x0.95mm_HandSolder (layer F.Cu) (tedit 5C142CAE) (tstamp 5C14DCD8)
    (at 156.895517 90.969049 270)
    (descr "Capacitor SMD 0603 (1608 Metric), square (rectangular) end terminal, IPC_7351 nominal with elongated pad for handsoldering. (Body size source: http://www.tortai-tech.com/upload/download/2011102023233369053.pdf), generated with kicad-footprint-generator")
    (tags "capacitor handsolder")
    (path /5C307878)
    (attr smd)
    (fp_text reference C11 (at 0.014 1.397 270) (layer F.SilkS)
      (effects (font (size 1 1) (thickness 0.15)))
    )
    (fp_text value 10u (at 0 1.43 270) (layer F.Fab)
      (effects (font (size 1 1) (thickness 0.15)))
    )
    (fp_text user %R (at -0.268 -0.127 270) (layer F.Fab)
      (effects (font (size 0.4 0.4) (thickness 0.06)))
    )
    (fp_line (start 1.65 0.73) (end -1.65 0.73) (layer F.CrtYd) (width 0.05))
    (fp_line (start 1.65 -0.73) (end 1.65 0.73) (layer F.CrtYd) (width 0.05))
    (fp_line (start -1.65 -0.73) (end 1.65 -0.73) (layer F.CrtYd) (width 0.05))
    (fp_line (start -1.65 0.73) (end -1.65 -0.73) (layer F.CrtYd) (width 0.05))
    (fp_line (start -0.171267 0.51) (end 0.171267 0.51) (layer F.SilkS) (width 0.12))
    (fp_line (start -0.171267 -0.51) (end 0.171267 -0.51) (layer F.SilkS) (width 0.12))
    (fp_line (start 0.8 0.4) (end -0.8 0.4) (layer F.Fab) (width 0.1))
    (fp_line (start 0.8 -0.4) (end 0.8 0.4) (layer F.Fab) (width 0.1))
    (fp_line (start -0.8 -0.4) (end 0.8 -0.4) (layer F.Fab) (width 0.1))
    (fp_line (start -0.8 0.4) (end -0.8 -0.4) (layer F.Fab) (width 0.1))
    (pad 2 smd roundrect (at 0.875 0 270) (size 1.05 0.95) (layers F.Cu F.Paste F.Mask) (roundrect_rratio 0.25)
      (net 1 GND))
    (pad 1 smd roundrect (at -0.875 0 270) (size 1.05 0.95) (layers F.Cu F.Paste F.Mask) (roundrect_rratio 0.25)
      (net 7 +3V3))
    (model ${KISYS3DMOD}/Capacitor_SMD.3dshapes/C_0603_1608Metric.wrl
      (at (xyz 0 0 0))
      (scale (xyz 1 1 1))
      (rotate (xyz 0 0 0))
    )
  )

  (module MRDT_Connectors:MOLEX_SL_04_Horizontal (layer F.Cu) (tedit 5C153CAD) (tstamp 5C25F48B)
    (at 168.91 65.532)
    (path /5BCF7588)
    (fp_text reference Conn2 (at 0.254 -2.54) (layer F.SilkS) hide
      (effects (font (size 1 1) (thickness 0.15)))
    )
    (fp_text value LiDAR (at 0.254 -3.81) (layer F.Fab)
      (effects (font (size 1 1) (thickness 0.15)))
    )
    (fp_line (start -6.985 -13.208) (end 6.985 -13.208) (layer F.SilkS) (width 0.15))
    (fp_line (start -2.54 -7.62) (end 2.54 -7.62) (layer F.SilkS) (width 0.15))
    (fp_line (start 1.27 -7.62) (end 1.27 -5.08) (layer F.SilkS) (width 0.15))
    (fp_line (start 1.27 -5.08) (end -1.27 -5.08) (layer F.SilkS) (width 0.15))
    (fp_line (start 2.54 -13.208) (end 2.54 -7.62) (layer F.SilkS) (width 0.15))
    (fp_line (start 6.985 -1.27) (end 6.985 -13.208) (layer F.SilkS) (width 0.15))
    (fp_line (start 5.08 1.27) (end -5.08 1.27) (layer F.SilkS) (width 0.15))
    (fp_line (start -2.54 -13.208) (end -2.54 -12.7) (layer F.SilkS) (width 0.15))
    (fp_line (start -6.985 -1.27) (end -6.985 -13.208) (layer F.SilkS) (width 0.15))
    (fp_line (start -5.08 -1.27) (end -6.985 -1.27) (layer F.SilkS) (width 0.15))
    (fp_line (start -2.54 -8.89) (end -2.54 -7.62) (layer F.SilkS) (width 0.15))
    (fp_line (start -2.54 -8.89) (end -2.54 -12.7) (layer F.SilkS) (width 0.15))
    (fp_line (start -1.27 -7.62) (end -1.27 -5.08) (layer F.SilkS) (width 0.15))
    (fp_line (start -5.08 -1.27) (end 6.985 -1.27) (layer F.SilkS) (width 0.15))
    (fp_line (start 5.08 -1.27) (end 5.08 1.27) (layer F.SilkS) (width 0.15))
    (fp_line (start -5.08 1.27) (end -5.08 -1.27) (layer F.SilkS) (width 0.15))
    (pad 1 thru_hole circle (at -3.81 0) (size 1.524 1.524) (drill 0.762) (layers *.Cu *.Mask)
      (net 39 +5V))
    (pad 2 thru_hole circle (at -1.27 0) (size 1.524 1.524) (drill 0.762) (layers *.Cu *.Mask)
      (net 40 LIDAR_SCL))
    (pad 3 thru_hole circle (at 1.27 0) (size 1.524 1.524) (drill 0.762) (layers *.Cu *.Mask)
      (net 41 LIDAR_SDA))
    (pad 4 thru_hole circle (at 3.81 0) (size 1.524 1.524) (drill 0.762) (layers *.Cu *.Mask)
      (net 1 GND))
    (pad "" np_thru_hole circle (at -5.08 -8.636) (size 3.45 3.45) (drill 3.45) (layers *.Cu *.Mask))
    (pad "" np_thru_hole circle (at 5.08 -8.636) (size 3.45 3.45) (drill 3.45) (layers *.Cu *.Mask))
  )

  (module MRDT_Connectors:MOLEX_SL_08_Horizontal (layer F.Cu) (tedit 5B78A6F4) (tstamp 5C25F438)
    (at 149.352 65.532)
    (path /5BC4C9CA)
    (fp_text reference Conn3 (at 0.508 -2.286) (layer F.SilkS) hide
      (effects (font (size 1 1) (thickness 0.15)))
    )
    (fp_text value Molex_SL_08 (at 0.254 -4.318) (layer F.Fab)
      (effects (font (size 1 1) (thickness 0.15)))
    )
    (fp_line (start -12.065 -1.27) (end 12.065 -1.27) (layer F.SilkS) (width 0.15))
    (fp_line (start -7.62 -13.208) (end -7.62 -12.7) (layer F.SilkS) (width 0.15))
    (fp_line (start -12.065 -13.208) (end 12.065 -13.208) (layer F.SilkS) (width 0.15))
    (fp_line (start -12.065 -1.27) (end -12.065 -13.208) (layer F.SilkS) (width 0.15))
    (fp_line (start 12.065 -1.27) (end 12.065 -13.208) (layer F.SilkS) (width 0.15))
    (fp_line (start -12.06 -1.27) (end -12.065 -1.27) (layer F.SilkS) (width 0.15))
    (fp_line (start -7.62 -8.89) (end -7.62 -7.62) (layer F.SilkS) (width 0.15))
    (fp_line (start -7.62 -7.62) (end 7.62 -7.62) (layer F.SilkS) (width 0.15))
    (fp_line (start 7.62 -7.62) (end 7.62 -13.208) (layer F.SilkS) (width 0.15))
    (fp_line (start -7.62 -8.89) (end -7.62 -12.7) (layer F.SilkS) (width 0.15))
    (fp_line (start -1.27 -7.62) (end -1.27 -5.08) (layer F.SilkS) (width 0.15))
    (fp_line (start -1.27 -5.08) (end 1.27 -5.08) (layer F.SilkS) (width 0.15))
    (fp_line (start 1.27 -5.08) (end 1.27 -7.62) (layer F.SilkS) (width 0.15))
    (fp_line (start 10.16 -1.27) (end 10.16 1.27) (layer F.SilkS) (width 0.15))
    (fp_line (start 10.16 1.27) (end -10.16 1.27) (layer F.SilkS) (width 0.15))
    (fp_line (start -10.16 1.27) (end -10.16 -1.27) (layer F.SilkS) (width 0.15))
    (pad 1 thru_hole circle (at -8.89 0) (size 1.524 1.524) (drill 0.762) (layers *.Cu *.Mask)
      (net 1 GND))
    (pad 2 thru_hole circle (at -6.35 0) (size 1.524 1.524) (drill 0.762) (layers *.Cu *.Mask)
      (net 3 INT2AG))
    (pad 3 thru_hole circle (at -3.81 0) (size 1.524 1.524) (drill 0.762) (layers *.Cu *.Mask)
      (net 4 INT1AG))
    (pad 4 thru_hole circle (at -1.27 0) (size 1.524 1.524) (drill 0.762) (layers *.Cu *.Mask)
      (net 5 INTM))
    (pad 5 thru_hole circle (at 1.27 0) (size 1.524 1.524) (drill 0.762) (layers *.Cu *.Mask)
      (net 6 DRDYM))
    (pad "" np_thru_hole circle (at -10.16 -8.636) (size 3.45 3.45) (drill 3.45) (layers *.Cu *.Mask))
    (pad "" np_thru_hole circle (at 10.16 -8.636) (size 3.45 3.45) (drill 3.45) (layers *.Cu *.Mask))
    (pad 6 thru_hole circle (at 3.81 0) (size 1.524 1.524) (drill 0.762) (layers *.Cu *.Mask)
      (net 15 "SDA(0)"))
    (pad 7 thru_hole circle (at 6.35 0) (size 1.524 1.524) (drill 0.762) (layers *.Cu *.Mask)
      (net 14 "SCL(0)"))
    (pad 8 thru_hole circle (at 8.89 0) (size 1.524 1.524) (drill 0.762) (layers *.Cu *.Mask)
      (net 7 +3V3))
  )

  (module LED_SMD:LED_0603_1608Metric_Pad1.05x0.95mm_HandSolder (layer F.Cu) (tedit 5B4B45C9) (tstamp 5C21A857)
    (at 143.3322 80.1256 270)
    (descr "LED SMD 0603 (1608 Metric), square (rectangular) end terminal, IPC_7351 nominal, (Body size source: http://www.tortai-tech.com/upload/download/2011102023233369053.pdf), generated with kicad-footprint-generator")
    (tags "LED handsolder")
    (path /5BC576B6)
    (attr smd)
    (fp_text reference D1 (at 2.4244 -0.1778) (layer F.SilkS)
      (effects (font (size 1 1) (thickness 0.15)))
    )
    (fp_text value FIX (at 0 1.43 270) (layer F.Fab)
      (effects (font (size 1 1) (thickness 0.15)))
    )
    (fp_text user %R (at 0 0 270) (layer F.Fab)
      (effects (font (size 0.4 0.4) (thickness 0.06)))
    )
    (fp_line (start 1.65 0.73) (end -1.65 0.73) (layer F.CrtYd) (width 0.05))
    (fp_line (start 1.65 -0.73) (end 1.65 0.73) (layer F.CrtYd) (width 0.05))
    (fp_line (start -1.65 -0.73) (end 1.65 -0.73) (layer F.CrtYd) (width 0.05))
    (fp_line (start -1.65 0.73) (end -1.65 -0.73) (layer F.CrtYd) (width 0.05))
    (fp_line (start -1.66 0.735) (end 0.8 0.735) (layer F.SilkS) (width 0.12))
    (fp_line (start -1.66 -0.735) (end -1.66 0.735) (layer F.SilkS) (width 0.12))
    (fp_line (start 0.8 -0.735) (end -1.66 -0.735) (layer F.SilkS) (width 0.12))
    (fp_line (start 0.8 0.4) (end 0.8 -0.4) (layer F.Fab) (width 0.1))
    (fp_line (start -0.8 0.4) (end 0.8 0.4) (layer F.Fab) (width 0.1))
    (fp_line (start -0.8 -0.1) (end -0.8 0.4) (layer F.Fab) (width 0.1))
    (fp_line (start -0.5 -0.4) (end -0.8 -0.1) (layer F.Fab) (width 0.1))
    (fp_line (start 0.8 -0.4) (end -0.5 -0.4) (layer F.Fab) (width 0.1))
    (pad 2 smd roundrect (at 0.875 0 270) (size 1.05 0.95) (layers F.Cu F.Paste F.Mask) (roundrect_rratio 0.25)
      (net 8 "Net-(D1-Pad2)"))
    (pad 1 smd roundrect (at -0.875 0 270) (size 1.05 0.95) (layers F.Cu F.Paste F.Mask) (roundrect_rratio 0.25)
      (net 1 GND))
    (model ${KISYS3DMOD}/LED_SMD.3dshapes/LED_0603_1608Metric.wrl
      (at (xyz 0 0 0))
      (scale (xyz 1 1 1))
      (rotate (xyz 0 0 0))
    )
  )

  (module LED_SMD:LED_0603_1608Metric_Pad1.05x0.95mm_HandSolder (layer F.Cu) (tedit 5C1466A7) (tstamp 5C14A251)
    (at 136.144 103.3695 180)
    (descr "LED SMD 0603 (1608 Metric), square (rectangular) end terminal, IPC_7351 nominal, (Body size source: http://www.tortai-tech.com/upload/download/2011102023233369053.pdf), generated with kicad-footprint-generator")
    (tags "LED handsolder")
    (path /5BC6B5DA)
    (attr smd)
    (fp_text reference D2 (at 0 1.5155 180) (layer F.SilkS)
      (effects (font (size 1 1) (thickness 0.15)))
    )
    (fp_text value PWR (at 0 -1.5325 180) (layer F.Fab)
      (effects (font (size 1 1) (thickness 0.15)))
    )
    (fp_line (start 0.8 -0.4) (end -0.5 -0.4) (layer F.Fab) (width 0.1))
    (fp_line (start -0.5 -0.4) (end -0.8 -0.1) (layer F.Fab) (width 0.1))
    (fp_line (start -0.8 -0.1) (end -0.8 0.4) (layer F.Fab) (width 0.1))
